appendicitis : 0.8517512567957671
wdbc : 3.403348471819614
sonar : 0.46608978717593946
ionosphere : 0.6141065912972429
spectfheart : 0.5534111467659382
australian : 2.279940173951625
flare-solar : 0.2916666666666631
pima : 0.5760249761402602
saheart : 0.3924392658164593
heart : 0.7597600986690966
monks : 0.8358930946910118
bupa : 0.05510598204294462
haberman : 0.1850406763105439
page-blocks-2class(major_0) : 0.5086931746563914
