appendicitis : 0.6090002620303873
wdbc : 1.0258576932168715
sonar : 0.09257357938745811
ionosphere : 0.11326520094139413
spectfheart : 0.18553216845620424
australian : 0.2783259991084159
flare-solar : 0.05470870866493949
pima : 0.14334827153589372
saheart : 0.13349819265791762
heart : 0.26903900946152504
monks : 0.21233994945768772
bupa : 0.023826766014246114
haberman : 0.06582778612773514
page-blocks-2class(major_0) : 0.09081381162429132
